,Start Date,End Date,Response Type,Progress,Duration (in seconds),Finished,Recorded Date,Response ID,Distribution Channel,User Language,BusinessFamilarity,DAT - Word 1,DAT - Word 2,DAT - Word 3,DAT - Word 4,DAT - Word 5,DAT - Word 6,DAT - Word 7,DAT - Word 8,DAT - Word 9,DAT - Word 10,Task1_IdeaGen_Human - Idea 1,Task1_IdeaGen_Human - Idea 2,Task1_IdeaGen_Human - Idea 3,Task1_IdeaGen_Human - Idea 4,Task1_IdeaGen_Human - Idea 5,Task1_IdeaGen_Human - Idea 6,Task1_IdeaGen_Human - Idea 7,Task1_IdeaGen_Human - Idea 8,Task1_IdeaGen_Human - Idea 9,Task1_IdeaGen_Human - Idea 10,Task2_IdeaEla_Human,ChatGPT1,Task1_IdeaGen_HumanAI - Idea 1,Task1_IdeaGen_HumanAI - Idea 2,Task1_IdeaGen_HumanAI - Idea 3,Task1_IdeaGen_HumanAI - Idea 4,Task1_IdeaGen_HumanAI - Idea 5,Task1_IdeaGen_HumanAI - Idea 6,Task1_IdeaGen_HumanAI - Idea 7,Task1_IdeaGen_HumanAI - Idea 8,Task1_IdeaGen_HumanAI - Idea 9,Task1_IdeaGen_HumanAI - Idea 10,ChatGPT2,Task2_IdeaEla_HumanAI,EngExp,InnoMgmtExp,SustainabilityExp,GenAIExp,GenAIFrequency,Age,Gender,Education,Employment,ProfField,convo_history1,API Error,MAX_TURNS,TimeSpent_DAT,TimeSpent_IdeaGeneration,TimeSpent_IdeaElaboration,convo_history2,Create New Field or Choose From Dropdown...,GroupAssignment,DAT_words,ideas,idea_count,idea_elaboration,Task1_ChatGPT_Access,Task1_ChatGPT_Interaction,Task2_ChatGPT_Access,Task2_ChatGPT_Interaction,ideas_cos_sim,idea_similarity,idea_diversity,ideas_clean,ideas_clean_cos_sim,idea_clean_similarity,idea_clean_diversity,DAT_score
0,2025-02-22 19:36:05,2025-02-22 20:15:39,IP Address,100,2373,True,2025-02-22 20:15:39.634000,R_2MeVhGrthluSOHf,anonymous,EN,Somewhat familiar,Table ,Homework,Metro,Garden ,Bag,Classroom,Pasta,Workplace ,Bus ,Watch ,Outside showers with solar system,Solar System on Windows ,Outlets with an on- off System ,Solar powered phone charger ,,,,,,,"A Smart outlet helps save electricity by automatically turning off devices when they are not in use. Many devices consume power even when switched off. The outlet would be helpful to save electricity. It would be also possibile to switch off with an app, allowing remote control. It would support energy waste, lower bills and support in general sustainability. Simple to use, it helps household but also business to become more Econ-friendly without a lot of effort, making sustainability easier.",,,,,,,,,,,,,,Advanced (C1),Basic experience,Basic experience,Basic experience,Frequently (1-3x per week),25–34,Female,Bachelor's Degree,Student,"Business, Economics, & Management",,,,243.162,627.665,1359.231,,,Human_Human,"['Table ', 'Homework', 'Metro', 'Garden ', 'Bag', 'Classroom', 'Pasta', 'Workplace ', 'Bus ', 'Watch ']","['Outside showers with solar system', 'Solar System on Windows ', 'Outlets with an on- off System ', 'Solar powered phone charger ']",4,"A Smart outlet helps save electricity by automatically turning off devices when they are not in use. Many devices consume power even when switched off. The outlet would be helpful to save electricity. It would be also possibile to switch off with an app, allowing remote control. It would support energy waste, lower bills and support in general sustainability. Simple to use, it helps household but also business to become more Econ-friendly without a lot of effort, making sustainability easier.",0,0,0,0,"[[0.99999994 0.56783485 0.13523558 0.3576479 ]
 [0.56783485 1.         0.11895147 0.44651547]
 [0.13523558 0.11895147 1.0000001  0.13576943]
 [0.3576479  0.44651547 0.13576943 1.        ]]",0.2936591,0.7063409090042114,"['outside showers with solar system', 'solar system on windows', 'outlets with an on- off system', 'solar powered phone charger']","[[0.99999994 0.56783485 0.13523558 0.3576479 ]
 [0.56783485 1.         0.11895147 0.44651547]
 [0.13523558 0.11895147 1.0000001  0.13576943]
 [0.3576479  0.44651547 0.13576943 1.        ]]",0.2936591,0.7063409090042114,78.53590127039351
3,2025-02-22 23:54:30,2025-02-23 00:06:39,IP Address,100,729,True,2025-02-23 00:06:40.302000,R_2I6tZ6LTbfYc0GX,anonymous,EN,Extremely familiar,Tiger,Cheese,Flower,House,Ocean,Car,Lipstick ,Plant,Fan,Linen,,,,,,,,,,,"Shoes made of ocean plastic would reduce the waste pollution in the ocean and would therefore have a positive impact on sustainability. The revenue made out of shoe sales could also be used to financially support ocean cleaning initiatives or NGOs that support ocean cleaning. After the living cycle of the shoe, the shoe would have not produced more waste, because its material would solely be made out of recycled ocean plastic. Ocean cleaning and its importance could also get more awareness. ",,Solar powered phone charger ,Zero waste cooking class ,Sustainable fashion rental platform ,Biodegradable toothbrush ,Recycled ocean plastic sneaker ,,,,,,,,Advanced (C1),Basic experience,Basic experience,Practical experience,Frequently (1-3x per week),25–34,Female,Master's Degree,Employed full-time,"Business, Economics, & Management","[{""role"":""system"",""content"":""Provide concise and helpful answers""},{""role"":""user"",""content"":""Please generate 10 creative ideas on new product/services that support eco friendly lifestyle and sustainability ""},{""role"":""assistant"",""content"":""1. **Solar-Powered Mobile Chargers**: Portable chargers that utilize solar panels to recharge, reducing reliance on electricity and promoting renewable energy usage.\n\n2. **Plant-Based and Recyclable Packaging**: Innovative packaging solutions created from plant-based materials that can be easily recycled or composted, reducing plastic waste.\n\n3. **Eco-Friendly Home Value Assessments**: A service offering assessments and reports on the eco-friendliness of homes, providing homeowners with actionable steps to improve sustainability.\n\n4. **Reusable Smart Labels for Recycling**: NFC-enabled labels for trash and recycle bins that provide instructions and reminders for proper sorting and can be reused.\n\n5. **Sustainable Fashion Rental Platform**: An online service allowing users to rent eco-friendly clothing, reducing the demand for fast fashion and minimizing waste.\n\n6. **Vertical Microgreen Kit**: Compact indoor gardening kits designed for growing microgreens vertically, suitable for urban areas with limited space, promoting local and sustainable food sources.\n\n7. **Digital Platform for Upcycled Products**: An online marketplace exclusively for upcycled products, connecting creators with consumers and reducing waste.\n\n8. **Community Electric Vehicle Sharing**: Localized EV sharing services that communities can adopt, reducing the need for personal cars and decreasing carbon emissions.\n\n9. **Zero-Waste Cooking Classes**: Workshops that teach creative cooking techniques to minimize food waste and promote the use of all ingredients.\n\n10. **Eco-Conscious Construction Consultancy**: A consultancy that advises on sustainable building practices and materials, helping construction projects minimize their environmental impact.""},{""role"":""user"",""content"":""Please generate 5 concrete products ""},{""role"":""assistant"",""content"":""1. **Biodegradable Toothbrushes**: Toothbrushes made from bamboo and plant-based bristles, which fully decompose after disposal, reducing plastic waste in landfills.\n\n2. **Eco-Friendly Cleaning Tablets**: Concentrated cleaning tablets that dissolve in water to create cleaning solutions, packaged in compostable materials, to eliminate the need for plastic spray bottles.\n\n3. **Recycled Ocean Plastic Sneakers**: Shoes manufactured using plastic waste recovered from oceans, promoting recycling and reducing ocean pollution.\n\n4. **Collapsible Reusable Water Bottles**: Water bottles that can be collapsed to a compact size for easy transport, made from sustainable materials like silicone, to encourage fewer single-use plastic bottles.\n\n5. **Energy-Efficient Smart Bulbs**: LED smart bulbs that adjust their brightness and color temperature based on natural light, saving energy and extending bulb longevity while connecting with home automation systems for efficiency.""}]",,,77.025,299.028,282.148,,,Human/AI_Human,"['Tiger', 'Cheese', 'Flower', 'House', 'Ocean', 'Car', 'Lipstick ', 'Plant', 'Fan', 'Linen']","['Solar powered phone charger ', 'Zero waste cooking class ', 'Sustainable fashion rental platform ', 'Biodegradable toothbrush ', 'Recycled ocean plastic sneaker ']",5,"Shoes made of ocean plastic would reduce the waste pollution in the ocean and would therefore have a positive impact on sustainability. The revenue made out of shoe sales could also be used to financially support ocean cleaning initiatives or NGOs that support ocean cleaning. After the living cycle of the shoe, the shoe would have not produced more waste, because its material would solely be made out of recycled ocean plastic. Ocean cleaning and its importance could also get more awareness. ",1,1,0,0,"[[1.         0.04572283 0.1078574  0.11039008 0.14798453]
 [0.04572283 1.         0.13464537 0.10755497 0.1273947 ]
 [0.1078574  0.13464537 0.99999994 0.14074197 0.2667094 ]
 [0.11039008 0.10755497 0.14074197 1.         0.21300815]
 [0.14798453 0.1273947  0.2667094  0.21300815 1.0000001 ]]",0.14020094,0.8597990572452545,"['solar powered phone charger', 'zero waste cooking class', 'fashion rental platform', 'biodegradable toothbrush', 'recycled ocean plastic sneaker']","[[1.         0.04572283 0.08220878 0.11039008 0.14798453]
 [0.04572283 1.         0.04857607 0.10755497 0.1273947 ]
 [0.08220878 0.04857607 1.         0.08208933 0.19797039]
 [0.11039008 0.10755497 0.08208933 1.         0.21300815]
 [0.14798453 0.1273947  0.19797039 0.21300815 1.0000001 ]]",0.11628999,0.8837100118398666,77.49677710434455
4,2025-02-23 00:04:15,2025-02-23 00:23:26,IP Address,100,1150,True,2025-02-23 00:23:26.466000,R_2y8eiKbpPQCPHiI,anonymous,EN,Somewhat familiar,Car,Dog,Phone,Tree,Wife,Couch,Pen,Sweatshirt,Lungs,Ocean,,,,,,,,,,,,,Reusable water bottles,Bamboo toothbrush ,Beeswax wraps,Solar-powered chargers,Cloth shopping bags (tote bags),Eco-friendly cleaning supplies,Compost bins,LED light bulbs ,Rechargeable batteries,Eco-friendly laundry detergent sheets,,"Reusable water bottles can be a key component in a more eco-friendly and and environmentally friendly society. they can replace multiple single use bottles that would produce more and more waste every time because they can be used multiple times. that reduces plastic waste and those single use bottles doesn’t need to be manufactured in the first place. They can also help to implement more awareness to recycling and waste management in general. It only takes a little effort to switch from single use bottles to raise upper bottles, but has a major impact. ",Advanced (C1),Basic experience,Professional experience,Practical experience,Frequently (1-3x per week),25–34,Male,Bachelor's Degree,Student,"Business, Economics, & Management","[{""role"":""system"",""content"":""Provide concise and helpful answers""},{""role"":""user"",""content"":""Please think of ten different products that could help people in there every day life in order to implement a more sustainable lifestyle""},{""role"":""assistant"",""content"":""1. **Reusable Water Bottles**: Encourage hydration without single-use plastics.\n\n2. **Bamboo Toothbrushes**: Biodegradable alternative to plastic toothbrushes.\n\n3. **Beeswax Wraps**: Reusable food wrap to replace cling film.\n\n4. **Solar-Powered Chargers**: Use renewable energy to charge devices.\n\n5. **Cloth Grocery Bags**: Reduce reliance on plastic shopping bags.\n\n6. **Eco-Friendly Cleaning Supplies**: Biodegradable and non-toxic alternatives to traditional cleaners.\n\n7. **Compost Bins**: Facilitate home composting to reduce food waste.\n\n8. **LED Light Bulbs**: Energy-efficient lighting that lasts longer.\n\n9. **Rechargeable Batteries**: Minimize electronic waste by reusing batteries.\n\n10. **Eco-Friendly Laundry Detergent Sheets**: Reduce packaging waste and harmful chemicals in laundry care.""}]",,,183.169,415.632,434.479,"[{""role"":""system"",""content"":""Provide concise and helpful answers""},{""role"":""user"",""content"":""Please describe in 80 to 100 words how reusable water bottles can help to implement a more sustainable lifestyle""},{""role"":""assistant"",""content"":""Reusable water bottles are a key component in fostering a sustainable lifestyle. By reducing the demand for single-use plastic bottles, they help decrease plastic waste and its detrimental environmental impacts. Manufacturing reusable bottles also typically consumes fewer resources over time compared to the constant production of disposable bottles. Moreover, using reusable bottles can encourage people to consume tap water, which generally has a smaller carbon footprint than bottled water production and distribution. This shift promotes environmental consciousness, conserves resources, and reduces pollution, contributing to a healthier planet for future generations.""}]",,Human/AI_Human/AI,"['Car', 'Dog', 'Phone', 'Tree', 'Wife', 'Couch', 'Pen', 'Sweatshirt', 'Lungs', 'Ocean']","['Reusable water bottles', 'Bamboo toothbrush ', 'Beeswax wraps', 'Solar-powered chargers', 'Cloth shopping bags (tote bags)', 'Eco-friendly cleaning supplies', 'Compost bins', 'LED light bulbs ', 'Rechargeable batteries', 'Eco-friendly laundry detergent sheets']",10,"Reusable water bottles can be a key component in a more eco-friendly and and environmentally friendly society. they can replace multiple single use bottles that would produce more and more waste every time because they can be used multiple times. that reduces plastic waste and those single use bottles doesn’t need to be manufactured in the first place. They can also help to implement more awareness to recycling and waste management in general. It only takes a little effort to switch from single use bottles to raise upper bottles, but has a major impact. ",1,1,1,1,"[[ 1.0000001   0.2369139   0.20088157  0.18020742  0.1981298   0.3417344
   0.1791413   0.15542415  0.26903528  0.19801609]
 [ 0.2369139   1.          0.1766608   0.08045169  0.1277784   0.359015
   0.10440606  0.03059305  0.14531739  0.2890333 ]
 [ 0.20088157  0.1766608   1.          0.13340333  0.24482971  0.12051865
   0.21256348  0.09952468  0.08586882  0.24753097]
 [ 0.18020742  0.08045169  0.13340333  1.0000002   0.1820189   0.19775864
   0.12329092  0.11904376  0.43344268  0.11243595]
 [ 0.1981298   0.1277784   0.24482971  0.1820189   1.0000001   0.40032005
   0.38013524  0.05434418  0.22190262  0.35300475]
 [ 0.3417344   0.359015    0.12051865  0.19775864  0.40032005  1.
   0.3276753  -0.00227106  0.17055364  0.56806195]
 [ 0.1791413   0.10440606  0.21256348  0.12329092  0.38013524  0.3276753
   0.99999994  0.17094707  0.13879207  0.22937928]
 [ 0.15542415  0.03059305  0.09952468  0.11904376  0.05434418 -0.00227106
   0.17094707  1.0000001   0.22840926  0.05424454]
 [ 0.26903528  0.14531739  0.08586882  0.43344268  0.22190262  0.17055364
   0.13879207  0.22840926  0.9999999   0.129451  ]
 [ 0.19801609  0.2890333   0.24753097  0.11243595  0.35300475  0.56806195
   0.22937928  0.05424454  0.129451    1.        ]]",0.20022045,0.799779549241066,"['reusable water bottles', 'bamboo toothbrush', 'beeswax wraps', 'solar-powered chargers', 'cloth shopping bags (tote bags)', 'eco-friendly cleaning supplies', 'compost bins', 'led light bulbs', 'rechargeable batteries', 'eco-friendly laundry detergent sheets']","[[ 1.0000001   0.2369139   0.20088157  0.18020742  0.1981298   0.3417344
   0.1791413   0.15542415  0.26903528  0.19801609]
 [ 0.2369139   1.          0.1766608   0.08045169  0.1277784   0.359015
   0.10440606  0.03059305  0.14531739  0.2890333 ]
 [ 0.20088157  0.1766608   1.          0.13340333  0.24482971  0.12051865
   0.21256348  0.09952468  0.08586882  0.24753097]
 [ 0.18020742  0.08045169  0.13340333  1.0000002   0.1820189   0.19775864
   0.12329092  0.11904376  0.43344268  0.11243595]
 [ 0.1981298   0.1277784   0.24482971  0.1820189   1.0000001   0.40032005
   0.38013524  0.05434418  0.22190262  0.35300475]
 [ 0.3417344   0.359015    0.12051865  0.19775864  0.40032005  1.
   0.3276753  -0.00227106  0.17055364  0.56806195]
 [ 0.1791413   0.10440606  0.21256348  0.12329092  0.38013524  0.3276753
   0.99999994  0.17094707  0.13879207  0.22937928]
 [ 0.15542415  0.03059305  0.09952468  0.11904376  0.05434418 -0.00227106
   0.17094707  1.0000001   0.22840926  0.05424454]
 [ 0.26903528  0.14531739  0.08586882  0.43344268  0.22190262  0.17055364
   0.13879207  0.22840926  0.9999999   0.129451  ]
 [ 0.19801609  0.2890333   0.24753097  0.11243595  0.35300475  0.56806195
   0.22937928  0.05424454  0.129451    1.        ]]",0.20022045,0.799779549241066,78.23740089773824
5,2025-02-23 18:44:58,2025-02-23 18:59:58,IP Address,100,899,True,2025-02-23 18:59:58.427000,R_8X68xD9TOB81k0E,anonymous,EN,Very familiar,Chocolate,Home,Work,Napkin,Elections,Panama,Pants ,Car ,Water ,Light ,Reusable bags ,Ecofriendly phone cases,E cars ,,,,,,,,,,,,,,,,,,,,,"Core Concept: reuseable bags to minimize environmental impact and support a sustainable lifestyle 
Purpose 
Reduce plastic waste and Support sustainable Consumer behaviour
How it works
- is made from durable or recycled materials 
is designed for repeated use, replacing disposable bags
Will encourage a shift in consumer habits towards sustainability

Potential benefits
Will decrease plastic pollution in oceans and landfills
Will conserve resources and energy in bag Production

Will forster environmental responsibility and awareness
will Support a healthier ecofriendly Lifestyle ",Advanced (C1),Practical experience,Basic experience,Practical experience,Daily or almost daily,18–24,Female,Master's Degree,Employed full-time,"Business, Economics, & Management",,,,72.799,67.785,614.495,"[{""role"":""system"",""content"":""Provide concise and helpful answers""},{""role"":""user"",""content"":""Please Write a Text about core concept, its purpose, how it works, and potential benefits about the idea of developing reusable bags in Order to Support ecofriendly lifestyle in 80-100 words""},{""role"":""assistant"",""content"":""Developing reusable bags is a key concept in promoting an eco-friendly lifestyle. These bags aim to reduce the dependency on single-use plastics, which contribute significantly to environmental pollution. Made from durable materials like cloth or recycled plastics, reusable bags can be repeatedly used, reducing waste and conserving resources. They work by replacing disposable options, encouraging sustainable consumer habits. The potential benefits are substantial: fewer plastic pollutants in oceans and landfills, conservation of energy and resources in production, and fostering a culture of environmental responsibility, ultimately supporting a healthier planet.""},{""role"":""user"",""content"":""No please Write bullet Pointe about Core Concept purpose how it works and potential benefits""},{""role"":""assistant"",""content"":""- **Core Concept**: Develop and utilize reusable bags to minimize environmental impact.\n\n- **Purpose**: Reduce plastic waste and promote sustainable consumer behavior.\n\n- **How It Works**:\n  - Made from durable or recycled materials.\n  - Designed for repeated use, replacing disposable bags.\n  - Encourages a shift in consumer habits towards sustainability.\n\n- **Potential Benefits**:\n  - Decreases plastic pollution in oceans and landfills.\n  - Conserves resources and energy in bag production.\n  - Fosters environmental responsibility and awareness.\n  - Supports a healthier planet and eco-friendly lifestyle.""}]",,Human_Human/AI,"['Chocolate', 'Home', 'Work', 'Napkin', 'Elections', 'Panama', 'Pants ', 'Car ', 'Water ', 'Light ']","['Reusable bags ', 'Ecofriendly phone cases', 'E cars ']",3,"Core Concept: reuseable bags to minimize environmental impact and support a sustainable lifestyle 
Purpose 
Reduce plastic waste and Support sustainable Consumer behaviour
How it works
- is made from durable or recycled materials 
is designed for repeated use, replacing disposable bags
Will encourage a shift in consumer habits towards sustainability

Potential benefits
Will decrease plastic pollution in oceans and landfills
Will conserve resources and energy in bag Production

Will forster environmental responsibility and awareness
will Support a healthier ecofriendly Lifestyle ",0,0,1,1,"[[1.         0.16935797 0.09562738]
 [0.16935797 1.         0.31572133]
 [0.09562738 0.31572133 1.0000001 ]]",0.1935689,0.8064310997724533,"['reusable bags', 'phone cases', 'e cars']","[[1.0000001  0.16951951 0.09562728]
 [0.16951951 1.0000001  0.3174733 ]
 [0.09562728 0.3174733  1.        ]]",0.1942067,0.8057933002710342,79.92677677537475
6,2025-02-23 13:38:03,2025-02-23 21:21:06,IP Address,100,27783,True,2025-02-23 21:21:07.033000,R_8dj9aA2If4L0AXS,anonymous,EN,Somewhat familiar,car,pineapple,climate ,burger,metro,tree,phone,shoe,bottle,powder,,,,,,,,,,,"Community Solar sharing is a decentralized energy model where resident collectively invest in local solar farms. a digital platform enables participants to buy or lease solar panels, with energy credits directly reducing their utility bills. smart meters track individual consumption ensuring fair distribution. businesses and municipalities can join, increasing scale and impact. surplus enegry feeds back into the grid, generating credits or revenue for the community. government incentives and partnerships with enegry providers enhance affordability. this model democratizes clean enegry access, lowers costs, and accelerates the transition to renewable powrr.",,Community Solar Sharing,waste free grocery delivery,electric bike sharing,,,,,,,,,,Advanced (C1),Basic experience,Practical experience,Practical experience,Daily or almost daily,25–34,Male,Master's Degree,Employed full-time,"Business, Economics, & Management","[{""role"":""system"",""content"":""Provide concise and helpful answers""},{""role"":""user"",""content"":""GreenPulse is a leader in developing innovative products that support an eco-friendly lifestyle. As cities grow and sustainability becomes more important, the demand for green solutions is increasing. We need your creativity to help design new products and services that make sustainable living easier and more accessible in urban areas.  Generate as many creative ideas as possible that support people in their sustainable lifestyle choices. try to solve this do you need more infos?""},{""role"":""assistant"",""content"":""Certainly! Here are several creative ideas for products and services that could support sustainable living in urban areas:\n\n1. **Smart Plant Walls**: Vertical gardens with built-in sensors and automated irrigation systems that monitor plant health and air quality, improving indoor air while reducing heat.\n\n2. **Eco-Friendly Subscription Boxes**: Monthly boxes featuring sustainable, zero-waste products such as reusable kitchen items, organic cleaning supplies, and eco-conscious home goods.\n\n3. **Community Solar Sharing**: A platform that allows urban residents to pool resources and invest in local solar farms, sharing the energy generated among participants.\n\n4. **Electric Bike-Sharing Program**: A service offering electric bikes equipped with solar-powered charging stations, encouraging eco-friendly commuting in densely populated areas.\n\n5. **Green Roof Solutions**: Installation kits for transforming building rooftops into green spaces with vegetation that can improve insulation and reduce rainwater runoff.\n\n6. **Bioswale Systems**: Modular systems designed for urban areas to manage rainwater runoff and reduce flooding, while enhancing urban green spaces with aesthetically pleasing designs.\n\n7. **Urban Agriculture Kits**: Starter kits with smart hydroponic or aquaponic systems that enable residents to grow their own fresh produce even in small spaces like balconies or windowsills.\n\n8. **Sustainable Transportation App**: An app that aggregates real-time data on public transport, bike-sharing availability, and car-pooling opportunities to encourage and facilitate green commuting.\n\n9. **Recycling Rewards Program**: A platform that tracks and rewards individuals or households based on their recycling efforts, offering benefits like discounts on sustainable products or services.\n\n10. **Eco-Friendly Home Renovation Services**: A consultative service that provides guidance and access to sustainable materials and technologies for those looking to renovate homes while minimizing their carbon footprint.\n\n11. **Urban Beekeeping Service**: Offering rooftop beekeeping setups along with maintenance services to encourage urban biodiversity and local honey production.\n\n12. **Energy-efficient Appliance Marketplace**: An online marketplace focusing solely on energy-efficient and eco-friendly household appliances, offering installation and old appliance recycling.\n\n13. **Waste-free Grocery Delivery**: A delivery service that provides groceries in reusable or compostable packaging with a deposit-return system.\n\n14. **Eco-Event Toolkit**: Tools and services that help event organizers design events with minimal waste, including reusable decorations, composting services, and digital ticketing systems.\n\n15. **Personal Carbon Footprint Tracker**: An app integrated with various aspects of urban living""},{""role"":""user"",""content"":""how do you rate your solutions from 1 to 10? which infos do you need to solve this in a better way""},{""role"":""assistant"",""content"":""It's challenging to rate these solutions definitively from 1 to 10 without specific criteria and context. However, I can give a general assessment based on several factors such as feasibility, impact, innovation, and scalability:\n\n1. **Smart Plant Walls**: 9 - High impact on urban air quality and well-being; feasible with existing technology.\n   \n2. **Eco-Friendly Subscription Boxes**: 7 - Accessible and easy to implement; moderately innovative.\n\n3. **Community Solar Sharing**: 9 - Significant impact on renewable energy adoption; requires regulatory support.\n\n4. **Electric Bike-Sharing Program**: 8 - Reduces urban congestion; needs effective logistics.\n\n5. **Green Roof Solutions**: 9 - High scalability and environmental benefits; depends on structural viability of buildings.\n\n6. **Bioswale Systems**: 8 - Manages urban water runoff effectively; may require substantial initial investment.\n\n7. **Urban Agriculture Kits**: 8 - Encourages sustainable food production; dependent on consumer interest and space.\n\n8. **Sustainable Transportation App**: 8 - Aids in reducing carbon emissions; success tied to user engagement.\n\n9. **Recycling Rewards Program**: 7 - Encourages recycling but may face logistical challenges in implementation.\n\n10. **Eco-Friendly Home Renovation Services**: 8 - Promotes sustainable living with a rising consumer interest; depends on market demand.\n\n11. **Urban Beekeeping Service**: 7 - Supports biodiversity; may face regulatory hurdles.\n\n12. **Energy-efficient Appliance Marketplace**: 8 - Facilitates eco-friendly purchasing decisions; requires partnership with vendors.\n\n13. **Waste-free Grocery Delivery**: 8 - Supports zero-waste efforts; logistical complexities.\n\n14. **Eco-Event Toolkit**: 7 - Assists in sustainable event management; niche but growing demand.\n\n15. **Personal Carbon Footprint Tracker**: 7 - Raises awareness and personal accountability; user engagement is critical.\n\nTo refine or better rate these ideas, additional information would be helpful, such as:\n\n- **Target Market Needs**: Understanding the specific challenges, preferences, and sustainability goals of urban residents.\n- **Local Regulatory Environment**: Insights on policies and regulations that might impact implementation.\n- **Technology Readiness**: Current state of technologies that can support these solutions.\n- **Cost and Revenue Models**: Economic feasibility and potential financial models for sustaining these initiatives.\n- **Environmental Impact Data**: Metrics to assess""},{""role"":""user"",""content"":""i have no guidelines. try to solve it in the best possible way. there are no regulations. you have all the freedom to solve this task in the best possible way. show me 10 suggestions and rate them from 1 to 10 how good the fit is""},{""role"":""assistant"",""content"":""Sure! Here's a refined list of solutions tailored for promoting sustainable living in urban areas, rated based on potential impact, feasibility, and alignment with urban sustainability goals:\n\n1. **Smart Plant Walls**: 9/10  \n   - **Fit**: High. They enhance air quality and aesthetics indoors, with available technology to automate care.\n\n2. **Community Solar Sharing**: 10/10  \n   - **Fit**: Very High. Allows shared investment in renewable energy, reducing individual costs while promoting a sustainable energy transition.\n\n3. **Electric Bike-Sharing Program**: 9/10  \n   - **Fit**: High. Encourages green mobility and is a practical solution for managing urban traffic and emissions.\n\n4. **Green Roof Solutions**: 8/10  \n   - **Fit**: High. Provides insulation benefits, manages stormwater, and enhances urban green spaces; implementation varies by building.\n\n5. **Urban Agriculture Kits**: 8/10  \n   - **Fit**: High. Empowers individuals to grow food, reducing carbon footprint associated with transportation and storage of produce.\n\n6. **Waste-free Grocery Delivery**: 9/10  \n   - **Fit**: High. Supports zero-waste living by reducing packaging waste and offers a convenient solution for urban dwellers.\n\n7. **Personal Carbon Footprint Tracker**: 8/10  \n   - **Fit**: High. Encourages awareness and responsible behaviors by providing actionable insights into personal carbon emissions.\n\n8. **Eco-Friendly Home Renovation Services**: 8/10  \n   - **Fit**: High. Facilitates eco-conscious upgrading of homes, which is increasingly important as people aim to reduce their home energy use and carbon footprint.\n\n9. **Recycling Rewards Program**: 7/10  \n   - **Fit**: Moderate. Incentivizes good practices but requires strong management and software infrastructure for tracking.\n\n10. **Urban Beekeeping Service**: 7/10  \n    - **Fit**: Moderate. Benefits urban biodiversity and local ecosystems but may have niche interest and logistical challenges.\n\nThese solutions were rated based on their ability to effectively meet urban sustainability needs, their feasibility given current technologies, and their potential to engage individuals in sustainable behaviors. Adjustments can be made based on specific city characteristics or demographics to maximize impact.""}]",,,,361.77,452.756,,,Human/AI_Human,"['car', 'pineapple', 'climate ', 'burger', 'metro', 'tree', 'phone', 'shoe', 'bottle', 'powder']","['Community Solar Sharing', 'waste free grocery delivery', 'electric bike sharing']",3,"Community Solar sharing is a decentralized energy model where resident collectively invest in local solar farms. a digital platform enables participants to buy or lease solar panels, with energy credits directly reducing their utility bills. smart meters track individual consumption ensuring fair distribution. businesses and municipalities can join, increasing scale and impact. surplus enegry feeds back into the grid, generating credits or revenue for the community. government incentives and partnerships with enegry providers enhance affordability. this model democratizes clean enegry access, lowers costs, and accelerates the transition to renewable powrr.",1,1,0,0,"[[1.         0.04383902 0.44793528]
 [0.04383902 1.         0.08161415]
 [0.44793528 0.08161415 1.        ]]",0.19112949,0.8088705092668533,"['community solar sharing', 'waste free grocery delivery', 'electric bike sharing']","[[1.         0.04383902 0.44793528]
 [0.04383902 1.         0.08161415]
 [0.44793528 0.08161415 1.        ]]",0.19112949,0.8088705092668533,81.77114453954279
7,2025-02-24 11:00:08,2025-02-24 11:08:39,IP Address,100,510,True,2025-02-24 11:08:40.187000,R_89OAR2NYYScQoZb,anonymous,EN,Extremely familiar,Banana,Zebra,Laptop,Shoe,Plant ,Tooth,Speaker,Fan,Car,Light ,Solar Toothbrush,Affordable slow fashion ,Ocean plastic shoes ,,,,,,,,"Globalization and fast fashion have a very bad impact on sustainability and fuel co2 emissions further. There are launching more and more eco friendly and locally produced fashion labels, that are however quite expensive   This is why less people buy those eco friendly clothes and prefer fast & cheaper fashion instead. If there would be a way to locally & sustainably produce fashion for less money, it would make a great impact. ",,,,,,,,,,,,,,Advanced (C1),Basic experience,Basic experience,Practical experience,Frequently (1-3x per week),25–34,Female,Master's Degree,Employed full-time,"Business, Economics, & Management",,,,98.803,133.002,225.376,,,Human_Human,"['Banana', 'Zebra', 'Laptop', 'Shoe', 'Plant ', 'Tooth', 'Speaker', 'Fan', 'Car', 'Light ']","['Solar Toothbrush', 'Affordable slow fashion ', 'Ocean plastic shoes ']",3,"Globalization and fast fashion have a very bad impact on sustainability and fuel co2 emissions further. There are launching more and more eco friendly and locally produced fashion labels, that are however quite expensive   This is why less people buy those eco friendly clothes and prefer fast & cheaper fashion instead. If there would be a way to locally & sustainably produce fashion for less money, it would make a great impact. ",0,0,0,0,"[[1.         0.10338554 0.12697257]
 [0.10338554 1.0000001  0.21646267]
 [0.12697257 0.21646267 1.        ]]",0.14894027,0.8510597348213196,"['solar toothbrush', 'affordable slow fashion', 'ocean plastic shoes']","[[1.         0.10338554 0.12697257]
 [0.10338554 1.0000001  0.21646267]
 [0.12697257 0.21646267 1.        ]]",0.14894027,0.8510597348213196,79.44210238453493
8,2025-02-24 11:33:14,2025-02-24 11:45:18,IP Address,100,724,True,2025-02-24 11:45:18.759000,R_85SoH0sjmII8MMN,anonymous,EN,Somewhat familiar,Metro,Computer ,View ,Lunch ,Table ,Classroom,Bag,Book ,Bottle ,Pen,,,,,,,,,,,"The sustainable commute app: this would be an app, which you can download for android and also IOS. This app would suggests the most Eco friendly travel routes using public transportation, or bike sharing or carpooling. This would reduce carbon footprint and would make it easier for an individual person to reduce their carbon footprint and help to make the world more sustainable.",,"1. **Smart Energy Monitor**: A device that provides real-time feedback on energy consumption in households and gives personalized tips for energy-saving, integrated with an app for easy monitoring.","2. **Urban Vertical Gardens**: Modular gardening kits that fit into urban settings, enabling residents to grow their own vegetables and herbs in small spaces like balconies or rooftops.","3. **Sustainable Commute App**: An app that suggests the most eco-friendly travel routes using public transport, bike-sharing, or carpooling, accompanied by incentives for reducing carbon footprints.",,,,,,,,,,Advanced (C1),Basic experience,Basic experience,Basic experience,Frequently (1-3x per week),25–34,Female,Bachelor's Degree,Student,"Business, Economics, & Management","[{""role"":""system"",""content"":""Provide concise and helpful answers""},{""role"":""user"",""content"":""GreenPulse is a leader in developing innovative products that support an eco-friendly lifestyle. As cities grow and sustainability becomes more important, the demand for green solutions is increasing. We need your creativity to help design new products and services that make sustainable living easier and more accessible in urban areas.\n\nPlease Generate as many creative ideas as possible that support people in their sustainable lifestyle choices. \n""},{""role"":""assistant"",""content"":""1. **Smart Energy Monitor**: A device that provides real-time feedback on energy consumption in households and gives personalized tips for energy-saving, integrated with an app for easy monitoring.\n\n2. **Urban Vertical Gardens**: Modular gardening kits that fit into urban settings, enabling residents to grow their own vegetables and herbs in small spaces like balconies or rooftops.\n\n3. **Sustainable Commute App**: An app that suggests the most eco-friendly travel routes using public transport, bike-sharing, or carpooling, accompanied by incentives for reducing carbon footprints.\n\n4. **Zero-Waste Urban Markets**: Pop-up zero-waste markets offering bulk purchasing options and sustainable products, encouraging locals to reduce packaging waste.\n\n5. **Eco-Friendly Packaging Subscription**: A subscription service that provides biodegradable and reusable packaging materials for consumers and businesses.\n\n6. **Home Composting Kits**: Easy-to-install units for apartments that process organic waste into compost, with compact, odorless designs.\n\n7. **Solar-Powered Urban Lighting**: Affordable solar streetlights for urban areas, reducing electricity usage and promoting safe, renewable energy solutions.\n\n8. **Community Tool Libraries**: Facilities where residents can borrow tools and equipment for home and garden projects, reducing the need to purchase infrequently used items.\n\n9. **Educational Workshops and Swaps**: Regular community events offering workshops on sustainable living skills and swap meets for exchanging goods and clothing.\n\n10. **AI-Powered Waste Sorting Bins**: Smart waste bins equipped with AI technology that automatically sorts recyclables from landfill waste, improving recycling rates in urban areas.\n\n11. **Bicycle Power Banks**: Public installations allowing cyclists to recharge their devices using power they generate through pedaling, promoting cycling and energy use. \n\n12. **Urban Wildlife Corridors**: Green installations that support biodiversity by connecting different parts of the city and supporting native wildlife species. \n\n13. **Rainwater Harvesting Systems**: Easy-to-install rainwater capturing systems for urban homes and apartments, promoting water conservation.\n\n14. **Green Roof Incentive Programs**: Partnerships with local governments to subsidize green roofs, which improve air quality, reduce urban heat, and offer additional green spaces for residents. \n\n15. **Sustainable Fashion Vending Machines**: Machines set up in urban areas dispensing eco-friendly apparel and accessories made from recycled materials.""}]",,,167.761,169.045,238.377,,,Human/AI_Human,"['Metro', 'Computer ', 'View ', 'Lunch ', 'Table ', 'Classroom', 'Bag', 'Book ', 'Bottle ', 'Pen']","['1. **Smart Energy Monitor**: A device that provides real-time feedback on energy consumption in households and gives personalized tips for energy-saving, integrated with an app for easy monitoring.', '2. **Urban Vertical Gardens**: Modular gardening kits that fit into urban settings, enabling residents to grow their own vegetables and herbs in small spaces like balconies or rooftops.', '3. **Sustainable Commute App**: An app that suggests the most eco-friendly travel routes using public transport, bike-sharing, or carpooling, accompanied by incentives for reducing carbon footprints.']",3,"The sustainable commute app: this would be an app, which you can download for android and also IOS. This app would suggests the most Eco friendly travel routes using public transportation, or bike sharing or carpooling. This would reduce carbon footprint and would make it easier for an individual person to reduce their carbon footprint and help to make the world more sustainable.",1,1,0,0,"[[1.0000002  0.13474134 0.4105597 ]
 [0.13474134 1.0000001  0.2966086 ]
